speed,dist,type,wheels
4,2,NA,8
4,10,1,4
NA,NA,NA,NA
7,22,1,8
8,16,3,6
9,10,1,4
NA,18,1,4
10,26,3,8
10,34,3,8
11,17,3,NA
11,28,3,NA
12,14,3,8
12,20,3,4
12,24,3,8
12,28,3,4
13,26,2,4
13,34,NA,4
13,34,3,8
13,46,2,8
14,26,2,NA
14,36,1,6
14,60,2,6
14,80,2,NA
15,20,1,8
15,26,3,8
15,54,2,6
16,32,2,8
16,40,1,8
17,32,NA,6
17,NA,2,8
17,50,1,4
18,42,1,6
NA,56,3,4
18,76,1,8
18,84,1,NA
19,36,2,4
19,46,2,6
19,68,2,6
20,32,3,8
20,48,1,6
20,52,NA,8
20,56,1,4
NA,64,2,6
22,66,2,8
23,54,1,6
24,70,1,6
24,NA,1,8
24,NA,2,8
24,120,1,6
25,85,3,8
